0.856664922682
0.215395659145
0.377324634854
0.149331719988
0.472153495655
0.368805208124
0.331623762089
0.94739823248
0.227101495025
0.295965735966
0.554611987348
0.513207019703
0.157017734468
0.264069023573
0.465253215819
0.557977942392
0.890126815818
0.93953758194
0.968917682419
0.298637588854
0.967938110043
0.712139875426
0.834967787956
0.147683907462
0.161548250736
0.313452707099
0.315068451285
0.617183773876
0.274044164699
0.123907570724
0.275409600657
0.177479034602
0.25141559299
0.252708155738
0.917812051828
0.237680872045
0.479477179736
0.902845246669
0.833706418681
0.518522393052
0.834852155401
0.942625326657
0.192014449532
0.705135966588
0.8778602491
0.81920786681
0.83816033569
0.570496212439
0.297717040217
0.290907377006
0.894312362728
0.83173355756
0.25799099187
0.112751243062
0.799505183325
0.307769568175
0.372623829065
0.220949241609
0.919987445939
0.221196828949
0.243451111488
0.697296859381
0.242493370548
0.178421137742
0.245222081397
0.191383975465
0.570746819437
0.447966472272
0.250815855064
0.822717368177
0.354623327649
0.913320100361
0.898897197501
0.349600323347
0.78624319248
0.375848273862
0.177979951516
0.945603189828
0.76240255276
0.907445853355
0.139450280855
0.888692601508
0.449609832467
0.944926358891
0.807322279777
0.178368587057
0.924131173351
0.784980595901
0.521317955664
0.182854110019
0.947590571771
0.280059807592
0.28268415922
0.76198860329
0.850800892231
0.737629381687
0.420082266217
0.251460575949
0.90232032913
0.267725093886
0.233365051583
0.919880105833
0.954194652825
0.859900070573
0.599994888977
0.502799795344
0.353381448102
0.709103816624
0.185226465861
0.266759481357
0.624352592849
0.513030969751
0.257096581466
0.281534429062
0.43421322363
0.415368235682
0.584310807903
0.720511721323
0.143840031879
0.66376648456
0.929942794298
0.153257540717
0.369520400758
0.084294157978
0.86087291081
0.269200165633
0.892141557881
0.259918906951
0.409094048831
0.893550925152
0.255045624252
0.208527669556
0.331302480826
0.662682774324
0.935823491062
0.275050775408
0.567974764362
0.894090022773
0.928017607768
0.747924699678
0.94236349348
0.906069088206
0.370103503067
0.541200025218
0.93587240846
0.237630511036
0.641898885766
0.215004670231
0.288593523001
0.282480779459
0.891954917051
0.794810970343
0.456221641444
0.157109124535
0.956741372115
0.564882288108
0.923104722528
0.876446353729
0.319294164395
0.459589987379
0.127025979973
0.857916629392
0.211242312419
0.357913597905
0.400329050484
0.838996726643
0.294445071179
0.929099291541
0.495814497859
0.20538733944
0.850707841544
0.832739697294
0.278330836363
0.97942470827
0.330893244489
0.221288872237
0.115445432762
0.870277141376
0.943853816785
0.387705774167
0.343468961704
0.316671930309
0.360075592123
0.203745187424
0.248465975959
0.486646772992
0.923717594426
0.910598340033
0.907958808188
0.820591399789
0.293264916146
0.458405340322
0.217154508569
0.923185722358
0.19120660607
0.135806931383
0.834935722523
0.265954368843
0.272616031185
0.184238782232
0.414426988354
0.509477036966
0.258894447282
0.93651558258
0.197070416448
0.552283867891
0.369292630992
0.195379014694
0.311288391215
0.323685002356
0.487716884589
0.914833000453
0.42397671062
0.303283884359
0.729600620073
0.955220853794
0.346652934739
0.300102688309
0.128747766045
0.201155854694
0.972295801272
0.302815536872
0.216700436014
0.361275391451
0.923928069068
0.848657602946
0.831603017091
0.283937468668
0.467302049962
0.20396903759
0.412799287331
0.205609289406
0.944034901736
0.93768506015
0.849239533171
0.602642895037
0.226381638128
0.851247391386
0.415381404749
0.956095167148
0.248423341173
0.914376698331
0.462748662304
0.759016423458
0.398193661362
0.917273539174
0.93758478144
0.614200800382
0.175602341579
0.88078921669
0.251849796493
0.522683661188
0.204738990277
0.162571425117
0.481666184195
0.331095120675
0.158107758654
0.939862480437
0.896260931986
0.1946737512
0.909423223031
0.487336608303
0.112754125706
0.257862401157
0.428915441628
0.211288525318
0.947636686468
0.795747920396
0.94915632265
0.256880086264
0.181914809752
0.92784479558
0.207768365474
0.14069118276
0.337135488922
0.869084058111
0.393418386565
0.781479856561
0.203228574006
0.38101831947
0.923034041809
0.467371304665
0.124744915037
0.231450261525
0.956081671131
0.287115384837
0.406824772808
0.210950139964
0.351920497082
0.770716756247
0.898634849057
0.117827834618
0.728378467212
0.300092598426
0.554469544791
0.168966613836
0.157550304684
0.237162589443
0.308838883132
0.331486404754
0.137722658972
0.881449739886
0.457095304708
0.327696559701
0.959313013876
0.20554830422
0.129170958937
0.315644915565
0.290775188728
0.20662089808
0.225991368835
0.29924437839
0.224607049822
0.903403274155
0.436648223858
0.712229769005
0.237836391876
0.894515792244
0.904405700155
0.150936242201
0.347667991715
0.414451103362
0.958629659169
0.854489299561
0.474840528755
0.412705028854
0.231725321321
0.888538227967
0.732570909796
0.157431173145
0.910305761342
0.869687478612
0.941657108605
0.790965668702
0.486384681225
0.592692203127
0.699356962822
0.126596026419
0.316411183326
0.690977910942
0.37232286862
0.419547284296
0.251852972164
0.313862521347
0.449072034709
0.871169941378
0.718763102173
0.303081176302
0.915584625743
0.959568088552
0.39169043972
0.300385088427
0.713392062761
0.358515472384
0.262026787279
0.253250136155
0.657974073166
0.662897670919
0.20269760928
0.912740612546
0.689662727177
0.401200567966
0.152040992752
0.443492488879
0.84356192206
0.231334372993
0.597249411956
0.902502871023
0.916386307877
0.21423114371
0.531846801057
0.957999447774
0.88943983616
0.333884743713
0.594795548858
0.816626168433
0.44095811742
0.800766710956
0.293745348898
0.179663508337
0.29389678246
0.452380148521
0.175423633694
0.520193182766
0.861929443626
0.923290799121
0.874896762846
0.321162419725
0.783610143926
0.866506172721
0.819209148422
0.399765635006
0.156362755125
0.334103564273
0.173155641434
0.323315894607
0.312555333741
0.159930922414
0.118038665828
0.141295281086
0.250951268901
0.543319881405
0.315088349161
0.506109945214
0.338522135287
0.808541080796
0.241928311145
0.284115833537
0.29783553551
0.408833912515
0.879037928166
0.432175121189
0.584733007181
0.252051389003
0.199348513934
0.892343430489
0.589361056695
0.290997599529
0.321873531504
0.987262030685
0.253811256267
0.216386693679
0.312937202301
0.971430273045
0.285916189511
0.879485762468
0.677691883642
0.304858867758
0.255913825736
0.908271907404
0.269788432273
0.182617436657
0.943865055783
0.206345843816
0.963890748854
0.784220038567
0.113865385876
0.254292133181
0.373109263444
0.934475906786
0.294680056599
0.316608005223
0.716382815865
0.25663796691
0.877592112288
0.65668368372
0.323580249326
0.287997984874
0.792393079996
0.493347086223
0.273229805497
0.159029134045
0.876704460175
0.720629112256
0.266534773267
0.466433945282
0.26231138796
0.205682723581
0.46330410687
0.120084158515
0.244561363693
0.435247033686
0.126845561867
0.392570966286
0.962034342335
0.387888461899
0.314679033603
0.307551269623
0.411327056502
0.935513077217
0.440771243398
0.286776849375
0.252149397489
0.241759693182
0.230705962384
0.191845824222
0.893612024652
0.399672361845
0.571695778145
0.769441789119
0.159506016814
0.823694881496
0.757509280716
0.183356763726
0.288521172457
0.260493471303
0.889998882643
0.902566343803
0.313691771338
0.128365087643
0.308436263711
0.365594483503
0.765184104058
0.496923946917
0.419714152541
0.364763157295
0.843507579498
0.275946878396
0.245995630009
0.344447830945
0.211411989906
0.462487594667
0.244227158255
0.244915350134
0.860851988597
0.161228977172
0.477441186622
0.8906979398
0.695516693699
0.300217804714
0.239910995424
0.14526703162
0.224992412251
0.196309863621
0.255597488951
0.917338591069
0.349421614513
0.349619800355
0.30708396902
0.389339839237
0.692265306588
0.594541037376
0.319950331487
0.891745749352
0.665654591791
0.38347227307
0.257237659685
0.807552370433
0.883698116659
0.910103398288
0.900713560724
0.343557598322
0.713491114652
0.348848472002
0.173523920524
0.242042932231
0.137348347008
0.845087440391
0.286350858109
0.277599848774
0.941538936131
0.936540929899
0.461392350211
0.933675469604
0.242514695579
0.322623978487
0.369465991797
0.556720897817
0.335676869126
0.193879699154
0.319631976098
0.93549078175
0.259341860335
0.233431707286
0.46680261911
0.22718277729
0.289734922747
0.56616232781
0.274006828767
0.638702475171
0.333110984246
0.547128961029
0.933523186989
0.369191764991
0.91534959942
0.607553479586
0.209906517343
0.557610341497
0.174216080263
0.869543059249
0.224640675472
0.842452046209
0.356687682019
0.671066081921
0.834650828326
0.903069492997
0.27605680286
0.301838188149
0.319965415212
0.373911286418
0.335379164369
0.462673569339
0.200763802201
0.226382304233
0.162156685006
0.924869016139
0.87634115445
0.177414256141
0.611976656956
0.875439808727
0.236497149932
0.215496738473
0.415512625684
0.763809825197
0.253513977827
0.947055308378
0.931508947149
0.884283864691
0.546892497166
0.321579511629
0.384265591459
0.397613417224
0.333264940147
0.366695027673
0.940364326552
0.950671710561
0.791151542643
0.394662732407
0.287625239567
0.823786588779
0.968732651054
0.262582171547
0.293898703168
0.562041864385
0.95749522962
0.210692599146
0.919990925933
0.311461899681
0.218404224414
0.38230086525
0.133192866163
0.577096414483
0.309506352106
0.282827269326
0.201874774383
0.224618180086
0.374952272048
0.26172967909
0.632677140214
0.297561902963
0.91304298139
0.706437977009
0.222168220611
0.238877754728
0.283299636062
0.932904431175
0.948973599671
0.172227634236
0.466163959288
0.204655796528
0.236411463799
0.280856698393
0.370179893031
0.267972865108
0.318894114597
0.966039882923
0.82577513521
0.855568967218
0.666742195571
0.157913175746
0.288404221078
0.319757481723
0.921588407086
0.916002075459
0.905138429575
0.879110477326
0.215025127226
0.229139931967
0.69476423348
0.641357847367
0.120899257562
0.148085126177
0.230517494469
0.204957474799
0.245891801736
0.931748963174
0.194689072084
0.243357294501
0.937639503728
0.326710073995
0.223959961411
0.927762317779
0.961043254175
0.419508198126
0.447522902743
0.340434883415
0.970255653889
0.388344336713
0.823405642885
0.435039059156
0.493884467424
0.152021631647
0.912730835808
0.940716398995
0.218416673597
0.276561027752
0.945273978149
0.267115028858
0.208648033905
0.445582703378
0.592031872119
0.57661011358
0.91275519037
0.905551165336
0.233301898003
0.273072282245
0.897742137303
0.124046440274
0.935085908482
0.376783622232
0.135020171499
0.295553530046
0.182063721336
0.274607342779
0.891621840372
0.315170118441
0.188588289141
0.150233469724
0.219550350037
0.652114457102
0.349387666262
0.167456900096
0.272453254024
0.453168755751
0.236084752541
0.681257440256
0.978264344747
0.18576022545
0.415951346301
0.278357242824
0.373461875586
0.877048770525
0.226147067049
0.851802270627
0.897972729572
0.95557604071
0.578488562714
0.871301707921
0.558617384574
0.928775421681
0.187376176071
0.245386559714
0.783487087012
0.369307730419
0.913401819881
0.897740349607
0.231692121391
0.246105666004
0.62311676043
0.326580327067
0.308003192056
0.953228967986
0.882087679404
0.923990522133
0.570815534251
0.33158520435
0.224374043855
0.294434303788
0.820874120384
0.246752141861
0.589558702926
0.314822979258
0.25378524869
0.309674469061
0.649010723751
0.640739426501
0.198696695326
0.140550359072
0.182981622698
0.908710359912
0.660599774846
0.375911597752
0.498149877972
0.251391980919
0.329753221877
0.953920921569
0.908353426201
0.18441237915
0.912891926655
0.292035001095
0.933641891938
0.276139910294
0.521607351465
0.322175145425
0.56169154138
0.948531451892
0.502933030879
0.944094539342
0.331353157316
0.935890786315
0.181753266743
0.786035662286
0.261043215806
0.49185416269
0.640000955818
0.221962453336
0.919524902578
0.118010784196
0.871932964844
0.729849684154
0.396574541856
0.351233708889
0.767332718991
0.391551884857
0.566751997521
0.910553819305
0.309924205005
0.596808620964
0.226151702393
0.541607698543
0.35986533172
0.193857510071
0.289799432166
0.563636236839
0.8413680098
0.385272375526
0.215112668685
0.944637215857
0.406024893839
0.283947464575
0.627394110669
0.682645117686
0.279858910959
0.385284827335
0.575417494587
0.213254285511
0.416496524856
0.217341087281
0.345199908741
0.25738824259
0.974606434612
0.236075691032
0.297721921597
0.338789749964
0.197520706697
0.256861105097
0.949838303109
0.237327242505
0.15485743851
0.752619304893
0.198516768739
0.875004288645
0.484648228157
0.18439426958
0.515043718767
0.797621611094
0.510158589577
0.4971772602
0.146884085468
0.367014567024
0.13767274324
0.211968848601
0.230292880165
0.326026223483
0.946896324021
0.128846491685
0.874727320942
0.93574230627
0.610723800719
0.339880317971
0.669782644826
0.826032534005
0.139204152663
0.249145357888
0.201813871505
0.794706206171
0.295309458979
0.182754918576
0.455421029348
0.98446873824
0.977427796888
0.522173284248
0.478740830995
0.854795085768
0.446946341772
0.273806238679
0.247959179725
0.54224179389
0.297671169079
0.155371825406
0.184040369624
0.921006816416
0.781037485129
0.142043844589
0.767197500547
0.363744335532
0.312018353465
0.95077654851
0.886211398957
0.237948175876
0.92187418296
0.416147729798
0.443129648661
0.64921191097
0.624029071948
0.328263347656
0.140442509291
0.342533332553
0.870846365368
0.21359805232
0.289601830128
0.639372556306
0.967516860812
0.635763447032
0.388429927961
0.707535490188
0.72518199258
0.217396290466
0.826470879787
0.487075975043
0.445725483151
0.673177006834
0.204383507508
0.715139644878
0.186203735261
0.960175035489
0.202003632729
0.936405489589
0.207914609374
0.898508691812
0.525441458537
0.507373483996
0.691200556921
0.28070422112
0.592019521496
0.266319568137
0.809976502932
0.201612688477
0.325210199121
0.17950454932
0.938486447588
0.659905653074
0.0885356876129
0.193047060896
0.154508775712
0.179601656484
0.273457806631
0.261924505155
0.863898332124
0.19682604891
0.217713377813
0.347131826863
0.245777345528
0.413681058116
0.348042010834
0.467866836549
0.674252448288
0.231484743499
0.444590486051
0.923211286669
0.601905494443
0.802854894816
0.943922523038
0.632338366622
0.167256434377
0.886446666421
0.258804397529
0.297781988655
0.224665880803
0.913390309263
0.364457567927
0.942004311559
0.906180282608
0.852741650775
0.962268294384
0.228330036428
0.790659603511
0.520420923561
0.33687571656
0.217848475879
0.394027792429
0.211447641601
0.880351073573
0.425320437156
0.176360100565
0.864358312332
0.289237108838
0.44048399892
0.924675814242
0.329598084583
0.306290814357
0.664832445538
0.150708166844
0.342697059083
0.766119935214
0.658993368854
0.287703570194
0.255391866115
0.168693417786
0.220128767362
0.315145902695
0.710121042471
0.173584506892
0.361927965304
0.598331831446
0.207338314533
0.938810417678
0.188138568958
0.719110133441
0.929513416603
0.92709944305
0.774626065011
0.668592179891
0.396734540204
0.950500988264
0.459671332272
0.906122749442
0.167664000288
0.925495617815
0.923530590224
0.565069995378
0.532333642415
0.546912107978
0.378660602297
0.253136714201
0.153324075763
0.80552489394
0.125407631306
0.197957497646
0.389377553464
0.295645794801
0.639067883213
0.297659105314
0.412023544287
0.925229836877
0.420773834335
0.827390882984
0.884233705613
0.912547324124
0.252939162158
0.260560234273
0.176657370596
0.76723891068
0.377350841055
0.717286020378
0.807965789911
0.191863894601
0.724263699308
0.908168934074
0.285851175213
0.368038309996
0.885089087563
0.325649450123
0.500338975811
0.190209009493
0.203138595163
0.23220784322
0.275247612541
0.904183712914
0.206887373835
0.93705562117
0.219418883532
0.567938192137
0.239686410786
0.115959031617
0.860034271569
0.30733613209
0.277090784043
0.937283035984
0.333578057933
0.924204275172
0.196961352736
0.467816971288
0.564732704857
0.54379458186
0.310500622765
0.414918811853
0.648776207233
0.593547389182
0.508049069011
0.937371685498
0.435862882436
0.450010463119
0.970703771434
0.145897315244
0.914406047539
0.145211003737
0.301717263563
0.617627610564
0.242206738627
0.1022600604
0.281835948114
0.796451444546
0.881089649006
0.440183683476
0.928425057055
0.931121295757
0.33078898004
0.939361575501
0.253170115417
0.896979812399
0.327084352399
0.184183617484
0.270042197114
0.372341717955
0.346904353596
0.689214995479
0.943886729588
0.204774342313
0.847124964485
0.696357375508
0.862503470656
0.145377500465
0.468867717051
0.898785858744
0.3775742914
0.243729249534
0.578929793436
0.133970543579
0.279258982082
0.938141501753
0.334148836432
0.241275707575
0.40426061163
0.201054960637
0.628919449426
0.896333735768
0.212934198945
0.76101888835
0.920894176241
0.934345979007
0.280141529441
0.647418926088
0.867714504188
0.593266987255
0.910371710147
0.285929930584
0.206879015435
0.222532354338
0.864322046184
0.865372769196
0.333174626273
0.267182295561
0.72302116709
0.277082830814
0.415251240154
0.922809826255
0.449337856774
0.669031555435
0.512716162685
0.875289782678
0.311698463464
0.857089544575
0.532402327612
0.681214763155
0.444020873073
0.553903947154
0.851774742264
0.218363689608
0.815722433531
0.258576280131
0.873176368647
0.794313134083
0.949506357281
0.830358188452
0.478191400486
0.826043690145
0.876400080332
0.400629463126
0.324491478887
0.399768391025
0.236906456849
0.166765785767
0.553477847831
0.415134600858
0.73338556931
0.539016021236
0.438205342913
0.255190874319
0.855069588254
0.356481604457
0.167990859427
0.366008637495
0.337539883194
0.401471849261
0.541931791546
0.279733220429
0.323123492531
0.334207346458
0.317620609399
0.245523355017
0.202207543711
0.812567149329
0.33804012088
0.35139067175
0.743783812276
0.898895888014
0.538667942843
0.807436238011
0.343342762066
0.924637108363
0.18372753707
0.135111679505
0.166689119196
0.832155453164
0.901105977101
0.36375769357
0.852352404348
0.860034629975
0.38282980202
0.318239959782
0.451409270515
0.430043755122
0.949232986713
0.224780477812
0.237873041191
0.363135902788
0.833586437232
0.537232027682
0.442252138806
0.179147173087
0.434165415498
0.274324430137
0.272871251629
0.246442129711
0.152204741479
0.30476650579
0.93935084019
0.288154820559
0.260714454517
0.387371105071
0.318576138427
0.806364522745
0.265803810398
0.263050196908
0.939291735788
0.511379862835
0.305210541594
0.22642898186
0.880732824996
0.892535859769
0.667902446068
0.9131221
0.236750921905
0.231360812538
0.158205185876
0.273849907707
0.132666501369
0.135180718564
0.230157934864
0.190253734105
0.510633641174
0.408472562075
0.315498093037
0.241983790877
0.194764445297
0.131930795304
0.871477829755
0.321904887782
0.331734068177
0.162892178812
0.871819008576
0.767200670907
0.923558587888
0.285644626619
0.256009672836
0.946787798198
0.70854619129
0.923782346156
0.850877019142
0.467849811715
0.934026540579
0.577326741071
0.954313320716
0.283696731907
0.346207934889
0.227153118334
0.531856252276
0.380857557157
0.441198359508
0.779647456093
0.350523208355
0.265749565899
0.71543996926
0.200096890172
0.878376972319
0.977152012293
0.481913362326
0.591483739951
0.552235753474
0.648440788617
0.315940273655
0.503298686002
0.926986706099
0.358610747349
0.398671099718
0.208977947172
0.883399245895
0.228115266824
0.174398482013
0.243809249319
0.948000427788
0.267142874567
0.823470153054
0.138524501086
0.410968367417
0.206328100373
0.914290091483
0.209870649032
0.834384553895
0.934037454408
0.884149396818
0.835459650963
0.438017136934
0.936531838915
0.657458835877
0.412829526255
0.45097073194
0.472604408631
0.320111665555
0.200086548256
0.254192872955
0.956312603885
0.258039247541
0.856303020529
0.591572747674
0.284837349846
0.505209568346
0.514020675989
0.948140056767
0.855940609442
0.212464695703
0.822364388841
0.800953615723
0.25618137922
0.352977855281
0.23117926811
0.209085220075
0.280579865721
0.84622333254
0.933913838671
0.522292566648
0.109518702246
0.369575372146
0.486266177676
0.740419097773
0.209500896778
0.600353891392
0.720734279526
0.889629191047
0.265744476018
0.305665533465
0.773257154772
0.962402697848
0.129512557738
0.281094418415
0.883053990563
0.894384327705
0.11610358195
0.881306289515
0.952951244542
0.794161186109
0.892417943529
0.615115437785
0.841969348923
0.633168950143
0.483942056383
0.875109820251
0.679585961927
0.894865557585
0.955116005787
0.42580919011
0.249132853662
0.288346599751
0.129750865919
0.583150860664
0.201828463856
0.222362940969
0.124261652452
0.958928749435
0.699279921133
0.515410297788
0.720945189223
0.310801861549
0.561873898256
0.933685073214
0.268000012412
0.166177542317
0.536368054863
0.311777194791
0.425059614178
0.195748103042
0.329388389948
0.233970263439
0.259392783554
0.861616593445
0.615876010361
0.379235980713
0.871684005157
0.231267596024
0.231854181584
0.28932648213
0.949700630616
0.920937474836
0.634620863475
0.285270828147
0.469491200426
0.299329497059
0.636942533714
0.717953891382
0.360774361616
0.405995009944
0.856965590502
0.775923257867
0.929678092581
0.321761813417
0.951539128162
0.518107149926
0.159965290291
0.331033635988
0.454300898638
0.135868688549
0.631795407473
0.266883926806
0.252580581871
0.425122329774
0.365098954587
0.420059975809
0.409336126295
0.936356476735
0.185962743627
0.257237435798
0.294672504879
0.459622576047
0.578406517724
0.193880513133
0.855486920822
0.824420265952
0.665766308707
0.893474111632
0.566393830547
0.944338335756
0.960061470121
0.150094767737
0.415249629103
0.27295280359
0.217387883038
0.194778121891
0.301443563876
0.579403834388
0.791627068252
0.411942299376
0.366219530303
0.85810094989
0.286017704438
0.235645222155
0.677920569883
0.8240362698
0.443592356475
0.954637269744
0.278007243242
0.281064990595
0.451456709473
0.188035816433
0.378779342842
0.272054626216
0.341057219524
0.526230312032
0.985693118804
0.355647171241
0.724356176044
0.209484350978
0.371002078674
0.23971253293
0.886729407851
0.228366497781
0.183458339033
0.316421895441
0.258647023015
0.248444270109
0.707696490504
0.402732512871
0.309178259875
0.956197894588
0.305907803873
0.422520184612
0.880137987974
0.196877722408
0.228539935146
0.899864940914
0.921187469388
0.144174020198
0.9376354372
0.933476585171
0.251259553856
0.278923105696
0.928926890964
0.228877627368
0.863372480498
0.587844540133
0.214053297238
0.376400095311
0.777255900207
0.973875111098
0.238491313647
0.253712888149
0.856134599705
0.65693108222
0.828391039883
0.246800762335
0.184095391709
0.917705100186
0.693916086194
0.906900145366
0.81374540234
0.833343351855
0.293024256162
0.931832946071
0.68173516381
0.161995140517
0.850425473163
0.614809460598
0.41478817057
0.257805024538
0.217220978104
0.961083619525
0.925284151802
0.848395809487
0.911273201642
0.294457437662
0.914380667716
0.867319488914
0.930631540482
0.297648819273
0.319629551498
0.888153424506
0.877913474264
0.891323107769
0.528384686865
0.8175602528
0.322829934022
0.25883961673
0.499102792756
0.802529647365
0.915607429623
0.896655550647
0.430678197463
0.356227065129
0.689835599298
0.326399621985
0.577003096349
0.290756058419
0.183815134113
0.494291793226
0.532074604757
0.742204718825
0.445069849612
0.929830538002
0.607962045463
0.783024268672
0.940487094389
0.286524658141
0.47567797551
0.90946999438
0.204462806519
0.395501352184
0.917309452945
0.442304150869
0.316963575397
0.268540212503
0.222272966812
0.803669517154
0.200420971934
0.186105170693
0.510066457513
0.930882413883
0.206755005502
0.214950070253
0.925334700645
0.523102022415
0.264858499266
0.963618742281
0.813411444632
0.35575148321
0.210543425905
0.930919157334
0.501568379045
0.649024902589
0.157565546133
0.234972415371
0.933513685041
0.883988774
0.603599597958
0.318589893936
0.344031305898
0.863720468938
0.882154728476
0.258821630187
0.328236117212
0.294186844354
0.262927311858
0.89719202522
0.215815883965
0.639532511009
0.857601736352
0.677075520214
0.942096615017
0.256366453421
0.245161745906
0.833906618198
0.347093523669
0.9559789592
0.325465918064
0.522985278418
0.593226407367
0.960025851527
0.895561004233
0.543884544269
0.350614821681
0.563113015094
0.618232301295
0.23136782948
0.237859945071
0.124480920787
0.512336686796
0.89614181399
0.740576077638
0.894316200028
0.946680818739
0.222502023612
0.530658022052
0.284636166222
0.894709569704
0.471309652481
0.926706960077
0.371970894388
0.260483771747
0.22387336762
0.508024293365
0.619536591136
0.818140379158
0.209110015036
0.30034625328
0.259852799297
0.319777720132
0.455834956204
0.252250617388
0.20445822588
0.367856406944
0.23821126896
0.573647381208
0.469642674753
0.925301723899
0.412855273689
0.905885447491
0.248126484638
0.475793117864
0.760239559124
0.271033730263
0.307667561403
0.735868237111
0.210669017825
0.615417280305
0.340356844077
0.36536233208
0.939478402266
0.566060632288
0.942483439118
0.934367353487
0.960222618984
0.585875790254
0.396662229069
0.882761522134
0.290170053067
0.285679749229
0.857906252626
0.89740176449
0.219687105024
0.896415619317
0.41626370834
0.651678221512
0.804448366591
0.236904966128
0.33870165076
0.4866561479
0.371688427935
0.924647047568
0.624003590238
0.246737141527
0.288618762132
0.521390150027
0.747504253836
0.314981475552
0.240031444414
0.885080810853
0.894353658924
0.699508879021
0.212410548442
0.272220003811
0.246859988426
0.92202361161
0.403748077134
0.685669940826
0.927158851997
0.646782752149
0.344322328705
0.276571161474
0.306700185483
0.265222612033
0.213697013924
0.198729351231
0.482310432976
0.137646289759
0.454653448222
0.224090934853
0.242610561376
0.199068537762
0.656680662555
0.234476045675
0.317270319135
0.254379105647
0.934647033565
0.885726484373
0.511438962472
0.374085656006
0.871698165944
0.585253068187
0.0999649516763
0.164158618481
0.659922628435
0.113841210252
0.278323050815
0.660646103224
0.1682323463
0.21133592717
0.224576490612
0.717590376247
0.833705623417
0.765948525057
0.313263818579
0.195061057408
0.238903552674
0.440684588084
0.265963429747
0.429006960337
0.174400639026
0.51662173906
0.488457022914
0.95900612789
0.276835896748
0.8562714893
0.391527972617
0.190939998517
0.871912806009
0.234216724234
0.372133605911
0.822435459884
0.303929238779
0.203778750022
0.257244835192
0.135853271552
0.337797252435
0.175879421511
0.502657515139
0.719323971115
0.369543699541
0.334778074354
0.698704410471
0.194673587136
0.947111503778
0.472259742645
0.936784688018
0.370260055812
0.178215923199
0.930548978026
0.178008743419
0.334400227031
0.923066851904
0.32987442327
0.154463730794
0.298775453204
0.27955622752
0.838070652913
0.254414023866
0.936837232311
0.134630200842
0.923904740402
0.149207959709
0.737678987398
0.223138053749
0.315182323381
0.310672239797
0.174870017597
0.355695892809
0.935113850934
0.323229191991
0.21851297256
0.483461899659
0.516306096485
0.139293158939
0.6428416534
0.197174681624
0.85288073529
0.33057415578
0.53272492249
0.511113092568
0.898732959991
0.343081722565
0.159867609704
0.9324021003
0.440176668876
0.678379416969
0.495464348588
0.162268326738
0.292175676087
0.722112361225
0.450039857426
0.204965730764
0.220758140406
0.727931616244
0.250720230983
0.289822521805
0.470050696082
0.903411948825
0.161027510501
0.412819672715
0.903250702271
0.293113308345
0.938089824909
0.316894957123
0.88763558778
0.421623591507
0.931149762019
0.205685657406
0.876786729893
0.279379862487
0.315114084794
0.242318036031
0.2189437272
0.144725465013
0.292698743729
0.298592728266
0.56222098011
0.165191181183
0.720621575564
0.542263018352
0.194786931088
0.969515203141
0.445078337938
0.538692003223
0.185622738241
0.42004789585
0.929198192528
0.168871714128
0.850274936853
0.330022176778
0.256770284411
0.967223905284
0.559954452613
0.846724214952
0.945716726939
0.762453819334
0.165958808506
0.892802107071
0.167051588752
0.547644396075
0.956310991488
0.921737766636
0.199659898887
0.609884704305
0.261453393541
0.853557502818
0.349631800363
0.284149120449
0.893972231651
0.285591994532
0.901167303112
0.743641359426
0.93959476184
0.17878195938
0.467031781169
0.302567729981
0.234261850976
0.956661138458
0.32924477743
0.936314728545
0.151401361101
0.250786756359
0.324467590959
0.308967466466
0.732014614714
0.1186889077
0.888453713505
0.220065390137
0.369125982451
0.393404559422
0.742382887723
0.544485412583
0.254389962364
0.89606402587
0.176357092212
0.158719110031
0.315777806026
0.918439179267
0.585118368434
0.119837307234
0.299177432146
0.166393768268
0.253001260501
0.162002723821
0.285866129491
0.225385424025
0.159394374058
0.271754329073
0.301806521612
0.243733869959
0.774682603976
0.164308931248
0.884575140844
0.947810336481
0.900024304876
0.271062313725
0.139481458576
0.930146734379
0.523349919475
0.784304011616
0.263872632632
0.3368637062
0.190072608668
0.23411464344
0.200955834285
0.207793730001
0.96108868014
0.270754581827
0.936425684794
0.11706395326
0.440789873833
0.485351353746
0.178898848217
0.261335347829
0.731365907852
0.37685029474
0.206988861771
0.427525012546
0.827753729153
0.108460356552
0.62412548066
0.778754435903
0.194967850048
0.121991860518
0.297458142879
0.862956901846
0.444019423069
0.909273580382
0.192942361526
0.288055345828
0.431263784586
0.385303759072
0.629368037545
0.15015915953
0.242163642289
0.538350077309
0.161781998646
0.76802790362
0.494516785993
0.378331502748
0.933455736207
0.308486722002
0.401223504498
0.87925865326
0.25927134016
0.469141475056
0.147651210857
0.104729627763
0.470236929483
0.837877220755
0.425373000847
0.190328793664
0.800021600853
0.840300185468
0.307537826739
0.952739369815
0.405731365836
0.229306438691
0.501682410356
0.697848517745
0.819304667434
0.774544707876
0.233710215445
0.262745171109
0.598084772539
0.932784780919
0.745478901981
0.854878114241
0.596160904998
0.886079642854
0.87267983619
0.445101924306
0.291929199813
0.339082420191
0.869903642458
0.613915671037
0.284556426867
0.194313233544
0.831508838822
0.692177290496
0.198764780554
0.422080092487
0.435625759731
0.20805192108
0.946731509621
0.896529161498
0.223736799009
0.812159476871
0.415548532164
0.533879998804
0.883807163245
0.782364639756
0.938142770725
0.43383530634
0.401562179059
0.943860860016
0.228877645961
0.385029672641
0.325725227268
0.493597333434
0.892312281086
0.19774252216
0.33840008505
0.280771411061
0.341217790731
0.312633694861
0.575980834529
0.753020727021
0.743880208286
0.720717442343
0.926612798725
0.710503889894
0.362160104399
0.342161687041
0.837420064879
0.551510830453
0.215757321449
0.933791926215
0.939579901063
0.25779235829
0.398849208461
0.814703569925
0.900325334336
0.932911083559
0.822434018591
0.938650148195
0.688429889441
0.947494861392
0.94149614161
0.963380219426
0.815652776391
0.909932501211
0.184132878139
0.275139478015
0.255420856852
0.360940806719
0.329279936047
0.177981261319
0.622611701796
0.562052707547
0.595144729282
0.354728534192
0.80856379456
0.240985800449
0.244617280651
0.522322852834
0.269846228364
0.310145083545
0.408081322171
0.57985011816
0.204702383628
0.926165950135
0.202863923006
0.951974579577
0.165099510884
0.243031881805
0.254152815435
0.517720035419
0.912746913267
0.7432455522
0.428066875831
0.34936293435
0.242394391665
0.818927029748
0.161110341103
0.913445031743
0.67566856571
0.158214351147
0.396338861273
0.374861471137
0.910955029086
0.260576310105
0.251414712656
0.165675736901
0.653130278848
0.641454876624
0.549179634726
0.526916631399
0.443524451999
0.378553190532
0.521754533326
0.290816501359
0.919361713047
0.128624813197
0.310826645016
0.231174009515
0.737111922451
0.250920456582
0.39692340711
0.494899066595
0.91341637459
0.846067538553
0.568034647689
0.258014538791
0.259376150111
0.860273429385
0.385806724402
0.279515161112
0.658915195684
0.450245228807
0.196522333009
0.326736142504
0.815935150287
0.209019010523
0.306331008907
0.355297145734
0.931426845145
0.142427215229
0.267657087392
0.179522264005
0.278729183013
0.841740223964
0.530174230061
0.943035138855
0.858257818743
0.349433384573
0.795046661331
0.269900392538
0.903100387845
0.887920333601
0.299341733558
0.530158023441
0.310423189717
0.249905552559
0.343874050733
0.253327753753
0.658799487285
0.337696426443
0.957869288084
0.775904695985
0.261347270425
0.36391748062
0.206481765667
0.176460071781
0.202949145958
0.331148497073
0.31893917689
0.220859490324
0.187909139587
0.285270956079
0.400342271272
0.721580745096
0.907906653482
0.290406316493
0.487041595262
0.255604304795
0.892111355765
0.234425923743
0.93055062826
0.272224351451
0.561007222848
0.894636166289
0.739759457943
0.222809968491
0.394273579734
0.220729228419
0.693151415695
0.538647037984
0.873937922129
0.930273915949
0.66597776644
0.205213981837
0.564371758377
0.899061680472
0.819293098667
0.227068459701
0.615480821243
0.284309899178
0.176026261035
0.500923162849
0.700831800823
0.317770661963
0.758084131884
0.558505998308
0.198287923282
0.399319926234
0.153443484874
0.233814401439
0.299747979811
0.908110874351
0.924811423227
0.214898238525
0.219692022142
0.545239138855
0.334016601632
0.258317275968
0.636471717168
0.38348736455
0.188953458324
0.355759818184
0.205397584456
0.633734402766
0.822650005516
0.707687025752
0.452409367517
0.295332493243
0.658376361183
0.142401522235
0.701193647905
0.448151696105
0.917655012889
0.513207019703
0.68636028248
0.351393726351
0.771336495569
0.120645339749
0.357987201954
0.937886862533
0.291678843827
0.187563899594
0.358426806979
0.202947863963
0.472711343593
0.298107803809
0.69586441292
0.634909998606
0.434749340176
0.351341731922
0.249977215668
0.927202244922
0.91215268029
0.87385543787
0.417264118055
0.347725746786
0.922928137342
0.929100486816
0.83008438319
0.196039846651
0.152373824226
0.343433301251
0.398588510032
0.215037258773
0.191362107551
0.830310616811
0.532846003681
0.847826561507
0.369832694283
0.192908905012
0.472176037429
0.911338575982
0.346328403405
0.325928125238
0.671873979761
0.36692776191
0.857849314615
0.52731381167
0.400587446736
0.380016400631
0.963072910305
0.436041869444
0.387442476173
0.547640441261
0.8051397076
0.270585322271
0.278309037461
0.755649209363
0.721438037081
0.862398634759
0.159246632577
0.21209724609
0.367349113488
0.409722541906
0.921031909263
0.474281426487
0.197070416448
0.64085407106
0.377203479046
0.748167537414
0.240883062562
0.14546173033
0.210318996664
0.153002718812
0.453728127097
0.955217321415
0.691778659089
0.237146838822
0.657305359009
0.197195612234
0.226081937412
0.225609978304
0.401465672787
0.434167653773
0.935594879249
0.30718489922
0.333607134278
0.114076489954
0.357585805298
0.275496443111
0.318659726435
0.811636448412
0.326585040375
0.204255978929
0.577010523069
0.238370254288
0.267511281213
0.294072040782
0.537007117574
0.670030388908
0.921035583033
0.563819841232
0.396415191056
0.161614906151
0.462467695435
0.844269995015
0.624815797029
0.82768266668
0.935087134338
0.91987557595
0.390714212045
0.260388196409
0.213860083041
0.233047047463
0.836583103602
0.387396392334
0.91386274621
0.25135571285
0.143673552097
0.169314205126
0.25850336832
0.923156892818
0.162398119073
0.399509077142
0.518646063129
0.929102579281
0.215943195659
0.934656359717
0.258056237333
0.18162405571
0.896386893449
0.304712503536
0.268163792991
0.325961464499
0.251847970633
0.154771194861
0.652390810898
0.551059621685
0.859934692238
0.641335634051
0.311029966981
0.956692307473
0.861825619932
0.919093365462
0.1354330221
0.915948224236
0.253418406091
0.80230723265
0.248414410215
0.904036339387
0.26839683346
0.246138836657
0.60142702486
0.339344337807
0.135377028692
0.586094539958
0.368913260963
0.430049618969
0.469792986111
0.292105065632
0.551356681925
0.142946868664
0.534820784983
0.913752325808
0.874835610271
0.215258701315
0.81083147525
0.767988592232
0.908623868881
0.367704070473
0.8549856449
0.384766179682
0.921421222927
0.875917728098
0.223209408475
0.225150598929
0.908050718129
0.923144009968
0.131029241839
0.633746069061
0.961458328877
0.361214333124
0.853275784835
0.309115236146
0.576568316793
0.213129259285
0.966396225365
0.961554548847
0.145396955518
0.940281251983
0.845805977776
0.489484331878
0.214305714802
0.278296661558
0.255373058883
0.791227871546
0.237938604483
0.357077666022
0.214240779853
0.820275534532
0.268038083055
0.201034693366
0.90374362437
0.955750972698
0.317209058114
0.293237785255
0.892139374102
0.872871487264
0.202632428745
0.187564494712
0.25416323514
0.877785644905
0.522494457527
0.313706654799
0.34396404143
0.258419787415
0.429407455537
0.868451827997
0.636874708105
0.908150144029
0.946362132276
0.461560803499
0.515654327367
0.967459910693
0.963222869238
0.923444012412
0.447315591454
0.346162246476
0.946374001182
0.200941719372
0.730279658831
0.790707866107
0.280867081933
0.150499713223
0.143940959484
0.903764215025
0.157786507884
0.37004716173
0.633226457484
0.281749118539
0.665669243998
0.25302476128
0.91635980413
0.927316219547
0.2373545879
0.171492914415
0.874752971416
0.213319771975
0.202178228026
0.286638077041
0.846913369862
0.205880171504
0.283621365838
0.270675372259
0.578677038625
0.856640921733
0.310719364197
0.226171966822
0.163279928829
0.244817195726
0.420299979265
0.904446632949
0.917713831297
0.199675718535
0.096539098886
0.79179488965
0.366817066363
0.220581600707
0.307826518744
0.586107259671
0.930770453678
0.708574784905
0.932577399368
0.599085597937
0.681504405178
0.561607311608
0.352621420915
0.790998386417
0.292774999496
0.329663540393
0.30949540649
0.168814460259
0.353258122955
0.306830548351
0.939631338961
0.729666818033
0.841954410916
0.303312526351
0.280162102266
0.619043228403
0.123969879669
0.453463621524
0.294774965845
0.913426000653
0.342685720163
0.689700405479
0.889503675594
0.135870588324
0.893894694975
0.270953017213
0.807365456583
0.940253133954
0.344540424129
0.16681000904
0.195932302398
0.799772578379
0.419573043723
0.224761159767
0.336095035737
0.183725834588
0.265628280354
0.208287411354
0.378133199571
0.509576224731
0.3341389092
0.920906282438
0.198964432323
0.908008785664
0.235010454964
0.404260608417
0.377415837316
0.165830255937
0.305756400287
0.575520535097
0.268230052733
0.193095591872
0.372546361996
0.38179702637
0.686303972194
0.424375708473
0.257906865202
0.690604983628
0.174121419649
0.211827002093
0.416824375858
0.316819407699
0.246835371192
0.958884714196
0.19745803692
0.252860785275
0.143016820136
0.541859301986
0.290644400953
0.19952659515
0.605238073095
0.151547180001
0.113807667004
0.412937968594
0.830941081441
0.912580399183
0.905830312541
0.257929270027
0.501301163822
0.214695920596
0.254542373018
0.761014658269
0.146269900181
0.317347525943
0.645313906102
0.220166352506
0.195075315725
0.255955322018
0.236534452933
0.16416580895
0.401975173376
0.528882789089
0.878694359905
0.608008266338
0.474233204651
0.232702780692
0.956664310533
0.212481453391
0.180146998696
0.946325060555
0.455795661676
0.419854142676
0.279051570936
0.298949617187
0.92162736551
0.962620897993
0.20558105927
0.392721050945
0.403414340579
0.955671774571
0.217594953777
0.225401322317
0.107685582433
0.401506034508
0.170636552777
0.171223243007
0.727355142193
0.552332344212
0.57628554449
0.229307812703
0.320061548392
0.187461353418
0.675189133546
0.491384540056
0.322531289158
0.944500502475
0.473525083814
0.23211210195
0.781161331075
0.131206958518
0.843926916996
0.592285203889
0.444682625075
0.870432883967
0.204299785547
0.463030503298
0.225521652053
0.439465391605
0.43517963086
0.293801397439
0.200322600753
0.791862085803
0.273039120512
0.848509974901
0.288814593408
0.487522612524
0.769711643842
0.731099385262
0.498744937145
0.190226565767
0.66170282601
0.331764499157
0.948404279773
0.368988872946
0.251357327572
0.928366909928
0.320331989832
0.179348953858
0.207446207822
0.90822234173
0.872343852894
0.294245038681
0.771362410046
0.672616532873
0.647637879034
0.923277874493
0.823963562204
0.252059225823
0.302062165228
0.935032443021
0.243281035686
0.149879351678
0.38313626517
0.525628272226
0.173611083493
0.276578444111
0.302817565642
0.344433449029
0.431705382899
0.662102568556
0.931547730907
0.164088085161
0.314034231188
0.25567406028
0.869551254639
0.259224224934
0.785974637107
0.230777252365
0.315173118095
0.927353616659
0.646833597445
0.205176173459
0.583775945433
0.330213840401
0.212326089454
0.334806805415
0.176545942308
0.863757567358
0.898507456041
0.786820693395
0.687156196559
0.125943667295
0.32750983075
0.485735410275
0.662768258937
0.179137719512
0.905540251806
0.262646697978
0.633505645644
0.820563008096
0.925063005405
0.357146782778
0.189212603598
0.159023055181
0.212979301368
0.105663747229
0.836682331266
0.260937083603
0.431399990799
0.321161624416
0.43937975049
0.642509103087
0.314851786753
0.584374726787
0.925442452373
0.865951671918
0.864125496664
0.718621362642
0.127673690969
0.583610332208
0.250545878936
0.297362206185
0.33893678815
0.171767056224
0.352701919591
0.679987004005
0.912199096134
0.776306975154
0.548430596046
0.943441619439
0.855447464741
0.191285351807
0.614326821277
0.531174145471
0.845730213937
0.700265219542
0.313439981909
0.938919754419
0.97244179205
0.48876118505
0.952837124457
0.95627424392
0.854754918199
0.833119601299
0.311814482804
0.421539675652
0.439973125251
0.485876637489
0.870751832735
0.216596379408
0.562728649977
0.593786387721
0.965525225512
0.329231055256
0.753490882423
0.892325201985
0.52139915089
0.761413611622
0.262612649682
0.335788406471
0.53501961794
0.868134034356
0.306872007222
0.142055688289
0.949215606223
0.55021708052
0.255221530415
0.90196051307
0.934042923175
0.31625151539
0.767567912075
0.849064463044
0.907792187197
0.475338326883
0.879480153861
0.200035045495
0.235963575742
0.613147743452
0.257168207914
0.888751032809
0.799630801741
0.594430256085
0.923076751079
0.361261712799
0.908567293057
0.372190661757
0.270918523233
0.529718944808
0.650620160574
0.932238636357
0.361163612353
0.787004942417
0.908241728614
0.194511747462
0.454399138246
0.244203219708
0.317091274469
0.352279813951
0.356368322748
0.222503731531
0.27274306954
0.326280308206
0.472010309013
0.253387303426
0.163453636155
0.962138881883
0.343518557464
0.474491301385
0.932812637037
0.751869171262
0.750814980361
0.933387922288
0.223392551335
0.961458093225
0.892876278531
0.751275151276
0.932095980221
0.965175494393
0.402941685533
0.930852459299
0.198874121097
0.438785034123
0.222182687352
0.851074543199
0.314529481731
0.903596399762
0.708725403236
0.30031585277
0.264157745686
0.264792613103
0.306789879082
0.967021515871
0.26578516823
0.897470711787
0.904006835624
0.479518855195
0.573927200175
0.271695262979
0.240433792476
0.418941345402
0.27295753237
0.891640034445
0.430840110201
0.244032182434
0.361261712799
0.394407262956
0.535754190895
0.182583807755
0.353811496947
0.356465156862
0.982657493482
0.584202093045
0.228355841467
0.156182690104
0.749437410763
0.432307389495
0.70423682552
0.41375678496
0.143256397156
0.334727205849
0.662849774725
0.304753534756
0.465304932567
0.34178046845
0.963958268737
0.515452037431
0.391259208598
0.312178644039
0.808508060913
0.286297540096
0.371897612463
0.321404252624
0.238363495716
0.292331553819
0.265603097291
0.276020205057
0.58718475986
0.269837728158
0.343663773772
0.314326479966
0.158279210643
0.290108663093
0.468534395274
0.423287987874
0.2629559744
0.847969902329
0.942604670545
0.555832509523
0.220184046936
0.822112402819
0.456234586009
0.982948994009
0.905861647012
0.1874880297
0.143100663118
0.404570470347
0.803993296703
0.268308031278
0.226180356958
0.466569639199
0.814405995442
0.191157082016
0.254870798359
0.308427379206
0.947970627836
0.225724213267
0.199706554172
0.198892262187
0.2723722713
0.301459072748
0.480736186439
0.15137803288
0.159068511026
0.891035450998
0.922072099864
0.949381634625
0.197307587733
0.88459267749
0.733479826974
0.320797324097
0.370220423391
0.837697929463
0.239837780125
0.131148204985
0.418252634598
0.505107197467
0.572323484551
0.271319167579
0.922489955377
0.264595781193
0.428477515941
0.16793652763
0.902345145263
0.713639247155
0.520955630309
0.922601192671
0.461471406352
0.277457534671
0.390740501869
0.50422385811
0.948538666935
0.206616319701
0.156301414513
0.939398531123
0.274718111028
0.259296070519
0.827523785025
0.879988766058
0.610091251826
0.573227815705
0.777133087372
0.885917083454
0.915224306691
0.325818156809
0.23315291543
0.460323232618
0.488220074196
0.278968680047
0.165927287269
0.932317369833
0.549649853396
0.901189261794
0.432705481764
0.91456198986
0.862028980437
0.361871435346
0.265923530823
0.241577626383
0.458770968885
0.324263017521
0.951813371836
0.93980797464
0.618268706184
0.887601055817
0.313653184152
0.4165098911
0.132601459029
0.819536863885
0.21295901236
0.312506026616
0.441102141599
0.34848914499
0.755243196647
0.944527506682
0.214162780195
0.162888118888
0.293463085298
0.288238481984
0.145763080472
0.910015415121
0.265671582018
0.304174114232
0.876580041907
0.779907657837
0.961023728592
0.30140184644
0.597716505097
0.933561033631
0.309422603009
0.420043542512
0.526300509068
0.146652265248
0.33610803041
0.289716701247
0.941162267877
0.877284643803
0.421649980244
0.665419205555
0.782873260295
0.645627987681
0.360246837186
0.328400978347
0.227437160173
0.274120517775
0.550054947999
0.284949763762
0.438589293055
0.443536312922
0.467601944356
0.455801772954
0.343763065729
0.224644008889
0.330889372124
0.207613822658
0.186023197541
0.936278257453
0.180299166124
0.932394576543
0.890729258384
0.151741191943
0.294246610814
0.848922867952
0.90950355531
0.854384795407
0.837308041779
0.724604791272
0.334197788043
0.85947207928
0.221831099284
0.347522853388
0.402326569677
0.280718141946
0.184736976648
0.213364856419
0.871517323939
0.695604956661
0.850043775122
0.505758507799
0.222267832145
0.91772494238
0.916035624081
0.185452748897
0.707539336456
0.359508759719
0.349147685797
0.131133649902
0.204343425823
0.493576807289
0.905381207445
0.186858981451
0.168283487938
0.416332320833
0.228255303695
0.154057565535
0.422315655587
0.827199654041
0.808032693609
0.496341107614
0.167006565535
0.808320051998
0.964294235672
0.672820719885
0.38351977016
0.774558249989
0.893558103731
0.777746433466
0.232077955274
0.585830443844
0.259215579456
0.893303650118
0.182989748318
0.788917295209
0.961240774288
0.245105351044
0.378513528735
0.508873965911
0.152696513029
0.195934641587
0.189691114139
0.202067126672
0.276376512614
0.246097738515
0.569766462425
0.45442059438
0.286779511556
0.924024892415
0.777353959961
0.194236921924
0.407918746762
0.575824225327
0.392134625518
0.188480876335
0.807758339152
0.943768502158
0.948686992101
0.924252121769
0.761063410781
0.928677878796
0.514588939026
0.191292695558
0.254443077187
0.941839999069
0.25761428702
0.270775582869
0.528204878327
0.208923860437
0.833650553144
0.795705938286
0.656923068936
0.937186421152
0.736627091855
0.530319578223
0.276349037334
0.198163019004
0.946025620019
0.316746091161
0.216150821683
0.880055622787
0.431734278019
0.300846587092
0.862108384239
0.194662689088
0.382172662836
0.305542844604
0.216176027309
0.18607376953
0.910186193298
0.879777212254
0.260297548734
0.896254758418
0.600874215103
0.187784213527
0.114296669693
0.186994413555
0.169765129453
0.349602796611
0.915745422685
0.337275178725
0.287121867149
0.928312938631
0.732805229845
0.175404191093
0.920664802526
0.705837582207
0.203215461488
0.250819387769
0.505799534228
0.873920138654
0.36553889566
0.198473308788
0.386750523422
0.922619677653
0.228427114061
0.112597844858
0.200117247683
0.213705877706
0.418040322396
0.322802657479
0.438107170592
0.35093249161
0.755235029633
0.268239755472
0.626085331308
0.262565508219
0.668552848627
0.616161884097
0.720251087764
0.318326398804
0.752958234109
0.922932611451
0.763146219774
0.727196583886
0.822687762951
